931221206430082966029813417763530706156675881641
46302938773515347290339118351943497045526884234131707599872475920405011992954617026479067037826366408233771525453798719230412129085881885631317140328736703976088472177230748390279093001641339085774214258986587847658946904739240140309201098438077818786900744271923410760851356050451349795892857454834374063841
491695040431796657578158813778379435333914293495
54835437534137627739841282846256732042788077895331704292729704742594607281994901278595341919938179854772740900991307393271071457559424552191151459162959307413150573229400112824968585524876740971980056783644309427495954002239924820459542713031416388398590131909709531957791862811918352410801853849228751242144
4775956297974378626029091900295705607130523470538
128805336635525421874964815157865854399988147030372628296667827457489660106639457968625713565861263371034765481642425966616302379476420514318746756597449346157263305781531101824975826648734763597862902015367810646057076343983931545113676713776939924852234733135979319764194274597557174067637080988369042623658
2954804541177236380582154507980916991749369545939
165691416559486952448910191388764490363831529097397633221522417212363066068601942106521327264618687109463531837432940588565419919291792520276742669227197417218957014016912574368215859687855779816527485047841590924131964924733714074874284118131597621907348705754009960841246916694422297930943476176903102892245
4563272305945479921151773217700839241103619844753
134674031318375214678918989466685770988230939540427853817463249875985455817671167446124433055249168077723364084193162436897244104773200033251336180182421416049140571403623132087442280236318372522543695379977481766785696046065488211532638948847248234046444971185454307151495651543532316427292719473395948383464
3352588606107014269444453284388403062787971857049
89083169060634404120918135253406737409952104865191820884237963225443889698666650256042503742764587503567244469105837831346392192496098791052718982783739096806209399380979138157136677459537791782958132168186988895456122273792583952402974877450739208748977220977335244111091674003896781178851185813230507962389
